theta:

hub values : [2, 2, 1, 1, 3, 2, 11, 3, 5, 3, 2, 9, 0, 5, 0, 5, 5, 1, 0, 3, 2, 0, 1, 3, 1, 3, 1, 11, 2, 3, 4, 6]
layout position values: [[0.71428392 0.32098611 0.08049129 0.05516873]
 [0.77272268 0.52976912 0.08049129 0.05516873]
 [0.72575095 0.42842535 0.08049129 0.05516873]
 [0.72551209 0.65027386 0.08049129 0.05516873]
 [0.74313895 0.76797839 0.08049129 0.05516873]
 [0.62780012 0.7646854  0.08049129 0.05516873]
 [0.66020997 0.54474752 0.08049129 0.05516873]
 [0.62484916 0.33595138 0.08049129 0.05516873]
 [0.58248466 0.86614123 0.08049129 0.05516873]
 [0.57299065 0.93216999 0.08049129 0.05516873]
 [0.3366675  0.92881525 0.08049129 0.05516873]
 [0.33341717 0.86425099 0.08049129 0.05516873]
 [0.45585332 0.76841773 0.08049129 0.05516873]
 [0.56045351 0.66033871 0.08049129 0.05516873]
 [0.45575324 0.5528293  0.08049129 0.05516873]
 [0.56666415 0.44045349 0.08049129 0.05516873]
 [0.33661044 0.25765177 0.08049129 0.05516873]
 [0.35094175 0.19475125 0.08049129 0.05516873]
 [0.45282037 0.19380045 0.08049129 0.05516873]
 [0.55491866 0.19572463 0.08049129 0.05516873]
 [0.57011415 0.25702322 0.08049129 0.05516873]
 [0.45470994 0.33899614 0.08049129 0.05516873]
 [0.34999964 0.44067196 0.08049129 0.05516873]
 [0.3511443  0.66008485 0.08049129 0.05516873]
 [0.2900036  0.33606073 0.08049129 0.05516873]
 [0.2534137  0.54419291 0.08049129 0.05516873]
 [0.28704378 0.76139836 0.08049129 0.05516873]
 [0.1757549  0.76126284 0.08049129 0.05516873]
 [0.19022273 0.64787933 0.08049129 0.05516873]
 [0.19322327 0.42877818 0.08049129 0.05516873]
 [0.13543089 0.52851129 0.08049129 0.05516873]
 [0.19154841 0.32068327 0.08049129 0.05516873]]
Binarized matrix POST-PRE: [[0, 0, 0, 0, 0, 0, 1, 0, 0, 0, 0, 0, 0, 0, 0, 0, 0, 0, 0, 0, 0, 0,
        0, 0, 0, 0, 0, 1, 0, 0, 0, 0],
       [0, 0, 0, 0, 0, 0, 0, 0, 0, 0, 0, 1, 0, 0, 0, 0, 0, 0, 0, 0, 0, 0,
        0, 0, 0, 0, 0, 1, 0, 0, 0, 0],
       [0, 0, 0, 0, 0, 0, 1, 0, 0, 0, 0, 0, 0, 0, 0, 0, 0, 0, 0, 0, 0, 0,
        0, 0, 0, 0, 0, 0, 0, 0, 0, 0],
       [0, 0, 0, 0, 0, 0, 0, 0, 0, 0, 0, 1, 0, 0, 0, 0, 0, 0, 0, 0, 0, 0,
        0, 0, 0, 0, 0, 0, 0, 0, 0, 0],
       [0, 0, 0, 0, 0, 0, 1, 0, 0, 0, 0, 0, 0, 0, 0, 0, 0, 0, 0, 1, 0, 0,
        0, 0, 0, 0, 0, 1, 0, 0, 0, 0],
       [0, 0, 0, 0, 0, 0, 0, 0, 0, 0, 0, 0, 0, 0, 0, 0, 0, 0, 0, 0, 0, 0,
        0, 0, 0, 0, 1, 0, 0, 1, 0, 0],
       [1, 0, 1, 0, 1, 0, 0, 0, 0, 0, 0, 1, 0, 1, 0, 1, 1, 0, 0, 0, 1, 0,
        0, 1, 0, 0, 0, 1, 0, 1, 0, 0],
       [0, 0, 0, 0, 0, 0, 0, 0, 0, 0, 0, 1, 0, 0, 0, 0, 0, 0, 0, 0, 0, 0,
        0, 1, 0, 0, 0, 1, 0, 0, 0, 0],
       [0, 0, 0, 0, 0, 0, 0, 0, 0, 1, 0, 1, 0, 1, 0, 0, 0, 0, 0, 1, 0, 0,
        0, 0, 0, 0, 0, 1, 0, 0, 0, 0],
       [0, 0, 0, 0, 0, 0, 0, 0, 1, 0, 1, 1, 0, 0, 0, 0, 0, 0, 0, 0, 0, 0,
        0, 0, 0, 0, 0, 0, 0, 0, 0, 0],
       [0, 0, 0, 0, 0, 0, 0, 0, 0, 1, 0, 0, 0, 0, 0, 0, 1, 0, 0, 0, 0, 0,
        0, 0, 0, 0, 0, 0, 0, 0, 0, 0],
       [0, 1, 0, 1, 0, 0, 1, 1, 1, 1, 0, 0, 0, 1, 0, 1, 0, 0, 0, 0, 0, 0,
        0, 0, 0, 0, 0, 0, 0, 0, 1, 0],
       [0, 0, 0, 0, 0, 0, 0, 0, 0, 0, 0, 0, 0, 0, 0, 0, 0, 0, 0, 0, 0, 0,
        0, 0, 0, 0, 0, 0, 0, 0, 0, 0],
       [0, 0, 0, 0, 0, 0, 1, 0, 1, 0, 0, 1, 0, 0, 0, 1, 1, 0, 0, 0, 0, 0,
        0, 0, 0, 0, 0, 0, 0, 0, 0, 0],
       [0, 0, 0, 0, 0, 0, 0, 0, 0, 0, 0, 0, 0, 0, 0, 0, 0, 0, 0, 0, 0, 0,
        0, 0, 0, 0, 0, 0, 0, 0, 0, 0],
       [0, 0, 0, 0, 0, 0, 1, 0, 0, 0, 0, 1, 0, 1, 0, 0, 0, 0, 0, 0, 0, 0,
        0, 0, 0, 1, 0, 1, 0, 0, 0, 0],
       [0, 0, 0, 0, 0, 0, 1, 0, 0, 0, 1, 0, 0, 1, 0, 0, 0, 0, 0, 0, 0, 0,
        0, 0, 0, 1, 0, 0, 0, 0, 1, 0],
       [0, 0, 0, 0, 0, 0, 0, 0, 0, 0, 0, 0, 0, 0, 0, 0, 0, 0, 0, 0, 0, 0,
        0, 0, 0, 0, 0, 1, 0, 0, 0, 0],
       [0, 0, 0, 0, 0, 0, 0, 0, 0, 0, 0, 0, 0, 0, 0, 0, 0, 0, 0, 0, 0, 0,
        0, 0, 0, 0, 0, 0, 0, 0, 0, 0],
       [0, 0, 0, 0, 1, 0, 0, 0, 1, 0, 0, 0, 0, 0, 0, 0, 0, 0, 0, 0, 1, 0,
        0, 0, 0, 0, 0, 0, 0, 0, 0, 0],
       [0, 0, 0, 0, 0, 0, 1, 0, 0, 0, 0, 0, 0, 0, 0, 0, 0, 0, 0, 1, 0, 0,
        0, 0, 0, 0, 0, 0, 0, 0, 0, 0],
       [0, 0, 0, 0, 0, 0, 0, 0, 0, 0, 0, 0, 0, 0, 0, 0, 0, 0, 0, 0, 0, 0,
        0, 0, 0, 0, 0, 0, 0, 0, 0, 0],
       [0, 0, 0, 0, 0, 0, 0, 0, 0, 0, 0, 0, 0, 0, 0, 0, 0, 0, 0, 0, 0, 0,
        0, 0, 0, 0, 0, 0, 0, 0, 0, 1],
       [0, 0, 0, 0, 0, 0, 1, 1, 0, 0, 0, 0, 0, 0, 0, 0, 0, 0, 0, 0, 0, 0,
        0, 0, 0, 0, 0, 0, 0, 0, 0, 1],
       [0, 0, 0, 0, 0, 0, 0, 0, 0, 0, 0, 0, 0, 0, 0, 0, 0, 0, 0, 0, 0, 0,
        0, 0, 0, 0, 0, 1, 0, 0, 0, 0],
       [0, 0, 0, 0, 0, 0, 0, 0, 0, 0, 0, 0, 0, 0, 0, 1, 1, 0, 0, 0, 0, 0,
        0, 0, 0, 0, 0, 0, 0, 0, 0, 1],
       [0, 0, 0, 0, 0, 1, 0, 0, 0, 0, 0, 0, 0, 0, 0, 0, 0, 0, 0, 0, 0, 0,
        0, 0, 0, 0, 0, 0, 0, 0, 0, 0],
       [1, 1, 0, 0, 1, 0, 1, 1, 1, 0, 0, 0, 0, 0, 0, 1, 0, 1, 0, 0, 0, 0,
        0, 0, 1, 0, 0, 0, 0, 0, 1, 1],
       [0, 0, 0, 0, 0, 0, 0, 0, 0, 0, 0, 0, 0, 0, 0, 0, 0, 0, 0, 0, 0, 0,
        0, 0, 0, 0, 0, 0, 0, 0, 1, 1],
       [0, 0, 0, 0, 0, 1, 1, 0, 0, 0, 0, 0, 0, 0, 0, 0, 0, 0, 0, 0, 0, 0,
        0, 0, 0, 0, 0, 0, 0, 0, 0, 1],
       [0, 0, 0, 0, 0, 0, 0, 0, 0, 0, 0, 1, 0, 0, 0, 0, 1, 0, 0, 0, 0, 0,
        0, 0, 0, 0, 0, 1, 1, 0, 0, 0],
       [0, 0, 0, 0, 0, 0, 0, 0, 0, 0, 0, 0, 0, 0, 0, 0, 0, 0, 0, 0, 0, 0,
        1, 1, 0, 1, 0, 1, 1, 1, 0, 0]]
GROUP1 FC matrix: [[0.         0.32836174 0.40388258 0.26799242 0.27059659 0.42945076
  0.26917614 0.36742424 0.25189394 0.26491477 0.27272727 0.36931818
  0.33049242 0.29379735 0.32883523 0.31699811 0.32457386 0.31392045
  0.29971591 0.38612689 0.43371212 0.38494318 0.22774621 0.35274621
  0.33333333 0.31818182 0.48224432 0.28077652 0.28527462 0.33806818
  0.234375   0.25591856]
 [0.32836174 0.         0.27817235 0.26349432 0.30018939 0.3420928
  0.16074811 0.28432765 0.20241477 0.22466856 0.2483428  0.27035985
  0.25402462 0.25       0.39251894 0.27272727 0.32078598 0.27817235
  0.25331439 0.30421402 0.31486742 0.29498106 0.26917614 0.27201705
  0.29805871 0.27627841 0.38091856 0.27012311 0.25757576 0.37215909
  0.24668561 0.27627841]
 [0.40388258 0.27817235 0.         0.38423295 0.3532197  0.40482955
  0.31297348 0.44910038 0.36600379 0.34161932 0.32670455 0.39796402
  0.42637311 0.40696023 0.43418561 0.38375947 0.41548295 0.37144886
  0.40956439 0.43892045 0.49195076 0.46638258 0.50284091 0.39441288
  0.4592803  0.42234848 0.40648674 0.41074811 0.3828125  0.35061553
  0.36576705 0.35984848]
 [0.26799242 0.26349432 0.38423295 0.         0.34493371 0.43536932
  0.25710227 0.27154356 0.24976326 0.25071023 0.27604167 0.29876894
  0.25284091 0.28574811 0.42684659 0.22135417 0.2717803  0.25544508
  0.25923295 0.28006629 0.27793561 0.23177083 0.28811553 0.29758523
  0.2204072  0.32765152 0.42874053 0.27935606 0.29131155 0.33688447
  0.24715909 0.26515152]
 [0.27059659 0.30018939 0.3532197  0.34493371 0.         0.29000947
  0.30184659 0.32125947 0.29379735 0.24881629 0.24763258 0.33664773
  0.29190341 0.28456439 0.39464962 0.32599432 0.21756629 0.25023674
  0.27793561 0.24905303 0.29024621 0.25828598 0.25426136 0.30516098
  0.29095644 0.31463068 0.32954545 0.25094697 0.29190341 0.25260417
  0.23579545 0.25733902]
 [0.42945076 0.3420928  0.40482955 0.43536932 0.29000947 0.
  0.43229167 0.39607008 0.40435606 0.40364583 0.30184659 0.42874053
  0.40317235 0.4469697  0.44247159 0.38304924 0.36837121 0.35842803
  0.38423295 0.40838068 0.43655303 0.3922822  0.4453125  0.38967803
  0.45265152 0.40222538 0.31794508 0.30255682 0.38044508 0.32717803
  0.32907197 0.36221591]
 [0.26917614 0.16074811 0.31297348 0.25710227 0.30184659 0.43229167
  0.         0.23745265 0.28918087 0.26207386 0.24502841 0.24905303
  0.28030303 0.27296402 0.44081439 0.29119318 0.31534091 0.23839962
  0.20052083 0.28953598 0.28551136 0.30255682 0.36908144 0.23484848
  0.30208333 0.23555871 0.35085227 0.23461174 0.2249053  0.31155303
  0.27059659 0.23982008]
 [0.36742424 0.28432765 0.44910038 0.27154356 0.32125947 0.39607008
  0.23745265 0.         0.19460227 0.16145833 0.20880682 0.28172348
  0.30516098 0.28669508 0.40672348 0.36955492 0.3499053  0.34564394
  0.31936553 0.41051136 0.37121212 0.37547348 0.40269886 0.32694129
  0.2829072  0.31983902 0.43063447 0.27793561 0.31889205 0.43205492
  0.29498106 0.29083807]
 [0.25189394 0.20241477 0.36600379 0.24976326 0.29379735 0.40435606
  0.28918087 0.19460227 0.         0.26325758 0.2282197  0.2795928
  0.27793561 0.29474432 0.36789773 0.20194129 0.28101326 0.28527462
  0.25639205 0.26633523 0.34256629 0.29427083 0.36576705 0.33925189
  0.34493371 0.3515625  0.46164773 0.32504735 0.33972538 0.3984375
  0.31226326 0.26325758]
 [0.26491477 0.22466856 0.34161932 0.25071023 0.24881629 0.40364583
  0.26207386 0.16145833 0.26325758 0.         0.20501894 0.26586174
  0.20868845 0.2750947  0.36813447 0.24479167 0.28053977 0.26373106
  0.21472538 0.27687027 0.30800189 0.31439394 0.3063447  0.32220644
  0.28929924 0.24289773 0.44957386 0.2795928  0.3203125  0.41998106
  0.22372159 0.30113636]
 [0.27272727 0.2483428  0.32670455 0.27604167 0.24763258 0.30184659
  0.24502841 0.20880682 0.2282197  0.20501894 0.         0.18560606
  0.25402462 0.26467803 0.35795455 0.26231061 0.32410038 0.30089962
  0.27462121 0.32339015 0.3515625  0.35653409 0.34493371 0.27367424
  0.29000947 0.3264678  0.27935606 0.25071023 0.26846591 0.33143939
  0.25094697 0.26467803]
 [0.36931818 0.27035985 0.39796402 0.29876894 0.33664773 0.42874053
  0.24905303 0.28172348 0.2795928  0.26586174 0.18560606 0.
  0.33001894 0.3038589  0.43347538 0.32504735 0.40151515 0.35333807
  0.34765625 0.40317235 0.44318182 0.38636364 0.37949811 0.2985322
  0.35369318 0.40814394 0.36813447 0.30681818 0.33735795 0.43726326
  0.31747159 0.34008049]
 [0.33049242 0.25402462 0.42637311 0.25284091 0.29190341 0.40317235
  0.28030303 0.30516098 0.27793561 0.20868845 0.25402462 0.33001894
  0.         0.27533144 0.40056818 0.22964015 0.30350379 0.33499053
  0.25994318 0.30800189 0.3688447  0.30752841 0.28219697 0.34848485
  0.32386364 0.30918561 0.48011364 0.24195076 0.29142992 0.39701705
  0.25804924 0.29569129]
 [0.29379735 0.25       0.40696023 0.28574811 0.28456439 0.4469697
  0.27296402 0.28669508 0.29474432 0.2750947  0.26467803 0.3038589
  0.27533144 0.         0.4547822  0.30563447 0.31699811 0.31285511
  0.23958333 0.34564394 0.35440341 0.37286932 0.3334517  0.29367898
  0.34019886 0.35984848 0.44720644 0.27225379 0.27627841 0.38470644
  0.30587121 0.30681818]
 [0.32883523 0.39251894 0.43418561 0.42684659 0.39464962 0.44247159
  0.44081439 0.40672348 0.36789773 0.36813447 0.35795455 0.43347538
  0.40056818 0.4547822  0.         0.39464962 0.43631629 0.49313447
  0.42305871 0.44673295 0.49976326 0.50378788 0.48177083 0.55066288
  0.44625947 0.52627841 0.48863636 0.34351326 0.46827652 0.44910038
  0.34706439 0.37121212]
 [0.31699811 0.27272727 0.38375947 0.22135417 0.32599432 0.38304924
  0.29119318 0.36955492 0.20194129 0.24479167 0.26231061 0.32504735
  0.22964015 0.30563447 0.39464962 0.         0.37239583 0.34090909
  0.29202178 0.36860795 0.42258523 0.44270833 0.4202178  0.35594223
  0.3852983  0.33534564 0.48366477 0.29379735 0.29356061 0.35535038
  0.29758523 0.23224432]
 [0.32457386 0.32078598 0.41548295 0.2717803  0.21756629 0.36837121
  0.31534091 0.3499053  0.28101326 0.28053977 0.32410038 0.40151515
  0.30350379 0.31699811 0.43631629 0.37239583 0.         0.37026515
  0.3655303  0.38482481 0.40932765 0.3351089  0.36458333 0.3984375
  0.39003314 0.3359375  0.49147727 0.36576705 0.3733428  0.46212121
  0.24147727 0.34090909]
 [0.31392045 0.27817235 0.37144886 0.25544508 0.25023674 0.35842803
  0.23839962 0.34564394 0.28527462 0.26373106 0.30089962 0.35333807
  0.33499053 0.31285511 0.49313447 0.34090909 0.37026515 0.
  0.37736742 0.35925663 0.35878314 0.31474905 0.39476799 0.26254735
  0.32717803 0.36055871 0.4045928  0.29876894 0.27982955 0.40056818
  0.25686553 0.27130682]
 [0.29971591 0.25331439 0.40956439 0.25923295 0.27793561 0.38423295
  0.20052083 0.31936553 0.25639205 0.21472538 0.27462121 0.34765625
  0.25994318 0.23958333 0.42305871 0.29202178 0.3655303  0.37736742
  0.         0.28219697 0.33404356 0.27734375 0.35878314 0.33948864
  0.30516098 0.26325758 0.48626894 0.25023674 0.31036932 0.43536932
  0.27769886 0.2993608 ]
 [0.38612689 0.30421402 0.43892045 0.28006629 0.24905303 0.40838068
  0.28953598 0.41051136 0.26633523 0.27687027 0.32339015 0.40317235
  0.30800189 0.34564394 0.44673295 0.36860795 0.38482481 0.35925663
  0.28219697 0.         0.32303504 0.28456439 0.3922822  0.33960701
  0.33309659 0.33735795 0.48011364 0.36434659 0.35369318 0.4765625
  0.32339015 0.3445786 ]
 [0.43371212 0.31486742 0.49195076 0.27793561 0.29024621 0.43655303
  0.28551136 0.37121212 0.34256629 0.30800189 0.3515625  0.44318182
  0.3688447  0.35440341 0.49976326 0.42258523 0.40932765 0.35878314
  0.33404356 0.32303504 0.         0.39571496 0.39346591 0.37263258
  0.35286458 0.37476326 0.52059659 0.36363636 0.38435133 0.48342803
  0.31652462 0.33830492]
 [0.38494318 0.29498106 0.46638258 0.23177083 0.25828598 0.3922822
  0.30255682 0.37547348 0.29427083 0.31439394 0.35653409 0.38636364
  0.30752841 0.37286932 0.50378788 0.44270833 0.3351089  0.31474905
  0.27734375 0.28456439 0.39571496 0.         0.4601089  0.36280777
  0.36008523 0.39074337 0.46969697 0.32149621 0.32658617 0.47182765
  0.2993608  0.29782197]
 [0.22774621 0.26917614 0.50284091 0.28811553 0.25426136 0.4453125
  0.36908144 0.40269886 0.36576705 0.3063447  0.34493371 0.37949811
  0.28219697 0.3334517  0.48177083 0.4202178  0.36458333 0.39476799
  0.35878314 0.3922822  0.39346591 0.4601089  0.         0.40187027
  0.41062973 0.38565341 0.48697917 0.34161932 0.34256629 0.51254735
  0.23922822 0.32291667]
 [0.35274621 0.27201705 0.39441288 0.29758523 0.30516098 0.38967803
  0.23484848 0.32694129 0.33925189 0.32220644 0.27367424 0.2985322
  0.34848485 0.29367898 0.55066288 0.35594223 0.3984375  0.26254735
  0.33948864 0.33960701 0.37263258 0.36280777 0.40187027 0.
  0.37428977 0.3454072  0.31534091 0.34351326 0.23484848 0.39630682
  0.24905303 0.26716383]
 [0.33333333 0.29805871 0.4592803  0.2204072  0.29095644 0.45265152
  0.30208333 0.2829072  0.34493371 0.28929924 0.29000947 0.35369318
  0.32386364 0.34019886 0.44625947 0.3852983  0.39003314 0.32717803
  0.30516098 0.33309659 0.35286458 0.36008523 0.41062973 0.37428977
  0.         0.41394413 0.47561553 0.30137311 0.37713068 0.51444129
  0.30894886 0.33546402]
 [0.31818182 0.27627841 0.42234848 0.32765152 0.31463068 0.40222538
  0.23555871 0.31983902 0.3515625  0.24289773 0.3264678  0.40814394
  0.30918561 0.35984848 0.52627841 0.33534564 0.3359375  0.36055871
  0.26325758 0.33735795 0.37476326 0.39074337 0.38565341 0.3454072
  0.41394413 0.         0.51799242 0.36292614 0.36860795 0.43394886
  0.2569839  0.27675189]
 [0.48224432 0.38091856 0.40648674 0.42874053 0.32954545 0.31794508
  0.35085227 0.43063447 0.46164773 0.44957386 0.27935606 0.36813447
  0.48011364 0.44720644 0.48863636 0.48366477 0.49147727 0.4045928
  0.48626894 0.48011364 0.52059659 0.46969697 0.48697917 0.31534091
  0.47561553 0.51799242 0.         0.44412879 0.39204545 0.42140152
  0.38589015 0.40885417]
 [0.28077652 0.27012311 0.41074811 0.27935606 0.25094697 0.30255682
  0.23461174 0.27793561 0.32504735 0.2795928  0.25071023 0.30681818
  0.24195076 0.27225379 0.34351326 0.29379735 0.36576705 0.29876894
  0.25023674 0.36434659 0.36363636 0.32149621 0.34161932 0.34351326
  0.30137311 0.36292614 0.44412879 0.         0.31202652 0.34493371
  0.32623106 0.29095644]
 [0.28527462 0.25757576 0.3828125  0.29131155 0.29190341 0.38044508
  0.2249053  0.31889205 0.33972538 0.3203125  0.26846591 0.33735795
  0.29142992 0.27627841 0.46827652 0.29356061 0.3733428  0.27982955
  0.31036932 0.35369318 0.38435133 0.32658617 0.34256629 0.23484848
  0.37713068 0.36860795 0.39204545 0.31202652 0.         0.40151515
  0.25106534 0.25260417]
 [0.33806818 0.37215909 0.35061553 0.33688447 0.25260417 0.32717803
  0.31155303 0.43205492 0.3984375  0.41998106 0.33143939 0.43726326
  0.39701705 0.38470644 0.44910038 0.35535038 0.46212121 0.40056818
  0.43536932 0.4765625  0.48342803 0.47182765 0.51254735 0.39630682
  0.51444129 0.43394886 0.42140152 0.34493371 0.40151515 0.
  0.35842803 0.32173295]
 [0.234375   0.24668561 0.36576705 0.24715909 0.23579545 0.32907197
  0.27059659 0.29498106 0.31226326 0.22372159 0.25094697 0.31747159
  0.25804924 0.30587121 0.34706439 0.29758523 0.24147727 0.25686553
  0.27769886 0.32339015 0.31652462 0.2993608  0.23922822 0.24905303
  0.30894886 0.2569839  0.38589015 0.32623106 0.25106534 0.35842803
  0.         0.26538826]
 [0.25591856 0.27627841 0.35984848 0.26515152 0.25733902 0.36221591
  0.23982008 0.29083807 0.26325758 0.30113636 0.26467803 0.34008049
  0.29569129 0.30681818 0.37121212 0.23224432 0.34090909 0.27130682
  0.2993608  0.3445786  0.33830492 0.29782197 0.32291667 0.26716383
  0.33546402 0.27675189 0.40885417 0.29095644 0.25260417 0.32173295
  0.26538826 0.        ]]

GROUP2 FC matrix: [[0.         0.35890152 0.39701705 0.25142045 0.27225379 0.43418561
  0.40506629 0.35392992 0.31605114 0.26171875 0.34398674 0.53053977
  0.31770833 0.31960227 0.44578598 0.31226326 0.34588068 0.33641098
  0.39157197 0.44057765 0.41051136 0.3610322  0.27225379 0.36008523
  0.28787879 0.33238636 0.35014205 0.4375     0.31297348 0.4436553
  0.28101326 0.34730114]
 [0.35890152 0.         0.35369318 0.23910985 0.21164773 0.33877841
  0.35440341 0.21732955 0.16998106 0.23342803 0.29900568 0.48461174
  0.20407197 0.28125    0.3297822  0.25260417 0.19389205 0.16039299
  0.29474432 0.35724432 0.20336174 0.25591856 0.22940341 0.28385417
  0.20004735 0.28811553 0.28953598 0.40293561 0.27059659 0.37949811
  0.21235795 0.23319129]
 [0.39701705 0.35369318 0.         0.37168561 0.33972538 0.41287879
  0.51633523 0.40648674 0.39275568 0.46614583 0.38139205 0.50804924
  0.4625947  0.50544508 0.47064394 0.43181818 0.4124053  0.40648674
  0.44341856 0.52793561 0.43465909 0.40625    0.47301136 0.50875947
  0.39654356 0.44910038 0.52438447 0.37571023 0.47892992 0.48934659
  0.43442235 0.4391572 ]
 [0.25142045 0.23910985 0.37168561 0.         0.26183712 0.37263258
  0.37050189 0.24621212 0.20004735 0.31036932 0.32930871 0.47064394
  0.30989583 0.31818182 0.4045928  0.30918561 0.31131629 0.23839962
  0.28006629 0.35108902 0.25189394 0.30066288 0.27225379 0.28385417
  0.26467803 0.32623106 0.27462121 0.36482008 0.23674242 0.41879735
  0.23650568 0.29640152]
 [0.27225379 0.21164773 0.33972538 0.26183712 0.         0.35250947
  0.38423295 0.2405303  0.19247159 0.35984848 0.27296402 0.35464015
  0.29048295 0.36671402 0.34185606 0.33072917 0.28858902 0.27107008
  0.34848485 0.4235322  0.23082386 0.28787879 0.27462121 0.34327652
  0.24739583 0.35535038 0.33357008 0.42282197 0.33996212 0.38186553
  0.24479167 0.31486742]
 [0.43418561 0.33877841 0.41287879 0.37263258 0.35250947 0.
  0.46875    0.35464015 0.43536932 0.48768939 0.31676136 0.37381629
  0.42566288 0.53053977 0.42495265 0.43821023 0.43963068 0.40104167
  0.36055871 0.36363636 0.36032197 0.43963068 0.42471591 0.47466856
  0.39512311 0.39559659 0.46614583 0.33806818 0.39251894 0.4453125
  0.2952178  0.45975379]
 [0.40506629 0.35440341 0.51633523 0.37050189 0.38423295 0.46875
  0.         0.3577178  0.37642045 0.28835227 0.31321023 0.54214015
  0.32457386 0.39583333 0.51254735 0.41453598 0.40743371 0.3359375
  0.39038826 0.37594697 0.390625   0.40601326 0.39820076 0.39038826
  0.3297822  0.35487689 0.35227273 0.42921402 0.32457386 0.46543561
  0.23745265 0.30326705]
 [0.35392992 0.21732955 0.40648674 0.24621212 0.2405303  0.35464015
  0.3577178  0.         0.24266098 0.36931818 0.32481061 0.56557765
  0.31273674 0.37760417 0.49029356 0.3499053  0.37263258 0.33688447
  0.36138731 0.34327652 0.28977273 0.30184659 0.37902462 0.38707386
  0.23768939 0.35369318 0.37144886 0.44081439 0.3375947  0.35890152
  0.25591856 0.24408144]
 [0.31605114 0.16998106 0.39275568 0.20004735 0.19247159 0.43536932
  0.37642045 0.24266098 0.         0.44720644 0.36079545 0.54190341
  0.30539773 0.38340436 0.47111742 0.33948864 0.33143939 0.30184659
  0.37097538 0.40340909 0.27982955 0.28077652 0.31960227 0.36055871
  0.26254735 0.39820076 0.33143939 0.45217803 0.32007576 0.41998106
  0.24526515 0.31534091]
 [0.26171875 0.23342803 0.46614583 0.31036932 0.35984848 0.48768939
  0.28835227 0.36931818 0.44720644 0.         0.44270833 0.53835227
  0.41879735 0.28645833 0.47916667 0.37689394 0.33404356 0.28361742
  0.33262311 0.31960227 0.31723485 0.34848485 0.33499053 0.29711174
  0.32717803 0.24715909 0.31794508 0.34493371 0.24810606 0.46164773
  0.20383523 0.33475379]
 [0.34398674 0.29900568 0.38139205 0.32930871 0.27296402 0.31676136
  0.31321023 0.32481061 0.36079545 0.44270833 0.         0.32907197
  0.35582386 0.33380682 0.36624053 0.33783144 0.40317235 0.37405303
  0.38375947 0.34753788 0.35629735 0.3844697  0.36505682 0.35298295
  0.32410038 0.36695076 0.33972538 0.33214962 0.31960227 0.33357008
  0.27130682 0.32694129]
 [0.53053977 0.48461174 0.50804924 0.47064394 0.35464015 0.37381629
  0.54214015 0.56557765 0.54190341 0.53835227 0.32907197 0.
  0.58546402 0.53480114 0.50520833 0.56273674 0.60890152 0.56202652
  0.5875947  0.54711174 0.6077178  0.66927083 0.51988636 0.36860795
  0.54829545 0.57362689 0.42116477 0.3046875  0.34730114 0.56013258
  0.49431818 0.62689394]
 [0.31770833 0.20407197 0.4625947  0.30989583 0.29048295 0.42566288
  0.32457386 0.31273674 0.30539773 0.41879735 0.35582386 0.58546402
  0.         0.39393939 0.39962121 0.32694129 0.31178977 0.27888258
  0.33723958 0.35416667 0.31297348 0.32528409 0.32765152 0.39867424
  0.30752841 0.38849432 0.38837595 0.46543561 0.3499053  0.4313447
  0.23461174 0.28527462]
 [0.31960227 0.28125    0.50544508 0.31818182 0.36671402 0.53053977
  0.39583333 0.37760417 0.38340436 0.28645833 0.33380682 0.53480114
  0.39393939 0.         0.49905303 0.42211174 0.41642992 0.29379735
  0.37523674 0.38920455 0.37121212 0.4045928  0.30445076 0.37180398
  0.36316288 0.3141572  0.33854167 0.35961174 0.27533144 0.44223485
  0.29214015 0.36991004]
 [0.44578598 0.3297822  0.47064394 0.4045928  0.34185606 0.42495265
  0.51254735 0.49029356 0.47111742 0.47916667 0.36624053 0.50520833
  0.39962121 0.49905303 0.         0.56060606 0.43986742 0.41595644
  0.57410038 0.56202652 0.48887311 0.43678977 0.48816288 0.56392045
  0.42660985 0.53148674 0.53125    0.42282197 0.45999053 0.56747159
  0.42779356 0.45028409]
 [0.31226326 0.25260417 0.43181818 0.30918561 0.33072917 0.43821023
  0.41453598 0.3499053  0.33948864 0.37689394 0.33783144 0.56273674
  0.32694129 0.42211174 0.56060606 0.         0.37760417 0.32670455
  0.40151515 0.36446496 0.44910038 0.27687027 0.3568892  0.42305871
  0.28598485 0.43276515 0.37653883 0.42542614 0.35700758 0.41216856
  0.29000947 0.23768939]
 [0.34588068 0.19389205 0.4124053  0.31131629 0.28858902 0.43963068
  0.40743371 0.37263258 0.33143939 0.33404356 0.40317235 0.60890152
  0.31178977 0.41642992 0.43986742 0.37760417 0.         0.34185606
  0.4704072  0.42601799 0.42483428 0.28847064 0.46460701 0.4461411
  0.34398674 0.41477273 0.42956913 0.48295455 0.40293561 0.5374053
  0.39867424 0.37937973]
 [0.33641098 0.16039299 0.40648674 0.23839962 0.27107008 0.40104167
  0.3359375  0.33688447 0.30184659 0.28361742 0.37405303 0.56202652
  0.27888258 0.29379735 0.41595644 0.32670455 0.34185606 0.
  0.37855114 0.44744318 0.33321496 0.29320549 0.35866477 0.32327178
  0.30918561 0.35558712 0.36221591 0.3984375  0.30681818 0.49597538
  0.31392045 0.3490767 ]
 [0.39157197 0.29474432 0.44341856 0.28006629 0.34848485 0.36055871
  0.39038826 0.36138731 0.37097538 0.33262311 0.38375947 0.5875947
  0.33723958 0.37523674 0.57410038 0.40151515 0.4704072  0.37855114
  0.         0.49491004 0.43726326 0.43927557 0.48555871 0.39405777
  0.4037642  0.42400568 0.38648201 0.48153409 0.42116477 0.43726326
  0.27201705 0.41548295]
 [0.44057765 0.35724432 0.52793561 0.35108902 0.4235322  0.36363636
  0.37594697 0.34327652 0.40340909 0.31960227 0.34753788 0.54711174
  0.35416667 0.38920455 0.56202652 0.36446496 0.42601799 0.44744318
  0.49491004 0.         0.41512784 0.39488636 0.41714015 0.375
  0.28787879 0.32066761 0.35830966 0.4358428  0.37464489 0.46602746
  0.37357955 0.40127841]
 [0.41051136 0.20336174 0.43465909 0.25189394 0.23082386 0.36032197
  0.390625   0.28977273 0.27982955 0.31723485 0.35629735 0.6077178
  0.31297348 0.37121212 0.48887311 0.44910038 0.42483428 0.33321496
  0.43726326 0.41512784 0.         0.40317235 0.41725852 0.40388258
  0.29971591 0.46141098 0.40909091 0.50047348 0.43631629 0.48484848
  0.30610795 0.36955492]
 [0.3610322  0.25591856 0.40625    0.30066288 0.28787879 0.43963068
  0.40601326 0.30184659 0.28077652 0.34848485 0.3844697  0.66927083
  0.32528409 0.4045928  0.43678977 0.27687027 0.28847064 0.29320549
  0.43927557 0.39488636 0.40317235 0.         0.34422348 0.50319602
  0.22999527 0.4625947  0.49076705 0.51751894 0.46223958 0.45004735
  0.38044508 0.33380682]
 [0.27225379 0.22940341 0.47301136 0.27225379 0.27462121 0.42471591
  0.39820076 0.37902462 0.31960227 0.33499053 0.36505682 0.51988636
  0.32765152 0.30445076 0.48816288 0.3568892  0.46460701 0.35866477
  0.48555871 0.41714015 0.41725852 0.34422348 0.         0.35250947
  0.31723485 0.42294034 0.3454072  0.40411932 0.32481061 0.46401515
  0.31226326 0.41927083]
 [0.36008523 0.28385417 0.50875947 0.28385417 0.34327652 0.47466856
  0.39038826 0.38707386 0.36055871 0.29711174 0.35298295 0.36860795
  0.39867424 0.37180398 0.56392045 0.42305871 0.4461411  0.32327178
  0.39405777 0.375      0.40388258 0.50319602 0.35250947 0.
  0.38802083 0.41595644 0.19412879 0.28598485 0.17507102 0.52698864
  0.34090909 0.47916667]
 [0.28787879 0.20004735 0.39654356 0.26467803 0.24739583 0.39512311
  0.3297822  0.23768939 0.26254735 0.32717803 0.32410038 0.54829545
  0.30752841 0.36316288 0.42660985 0.28598485 0.34398674 0.30918561
  0.4037642  0.28787879 0.29971591 0.22999527 0.31723485 0.38802083
  0.         0.35878314 0.37736742 0.44010417 0.38612689 0.41358902
  0.29000947 0.30587121]
 [0.33238636 0.28811553 0.44910038 0.32623106 0.35535038 0.39559659
  0.35487689 0.35369318 0.39820076 0.24715909 0.36695076 0.57362689
  0.38849432 0.3141572  0.53148674 0.43276515 0.41477273 0.35558712
  0.42400568 0.32066761 0.46141098 0.4625947  0.42294034 0.41595644
  0.35878314 0.         0.39749053 0.47230114 0.40033144 0.51822917
  0.32457386 0.49455492]
 [0.35014205 0.28953598 0.52438447 0.27462121 0.33357008 0.46614583
  0.35227273 0.37144886 0.33143939 0.31794508 0.33972538 0.42116477
  0.38837595 0.33854167 0.53125    0.37653883 0.42956913 0.36221591
  0.38648201 0.35830966 0.40909091 0.49076705 0.3454072  0.19412879
  0.37736742 0.39749053 0.         0.28811553 0.19424716 0.49491004
  0.35298295 0.46946023]
 [0.4375     0.40293561 0.37571023 0.36482008 0.42282197 0.33806818
  0.42921402 0.44081439 0.45217803 0.34493371 0.33214962 0.3046875
  0.46543561 0.35961174 0.42282197 0.42542614 0.48295455 0.3984375
  0.48153409 0.4358428  0.50047348 0.51751894 0.40411932 0.28598485
  0.44010417 0.47230114 0.28811553 0.         0.31581439 0.54805871
  0.48319129 0.57528409]
 [0.31297348 0.27059659 0.47892992 0.23674242 0.33996212 0.39251894
  0.32457386 0.3375947  0.32007576 0.24810606 0.31960227 0.34730114
  0.3499053  0.27533144 0.45999053 0.35700758 0.40293561 0.30681818
  0.42116477 0.37464489 0.43631629 0.46223958 0.32481061 0.17507102
  0.38612689 0.40033144 0.19424716 0.31581439 0.         0.52627841
  0.39464962 0.47727273]
 [0.4436553  0.37949811 0.48934659 0.41879735 0.38186553 0.4453125
  0.46543561 0.35890152 0.41998106 0.46164773 0.33357008 0.56013258
  0.4313447  0.44223485 0.56747159 0.41216856 0.5374053  0.49597538
  0.43726326 0.46602746 0.48484848 0.45004735 0.46401515 0.52698864
  0.41358902 0.51822917 0.49491004 0.54805871 0.52627841 0.
  0.3375947  0.42329545]
 [0.28101326 0.21235795 0.43442235 0.23650568 0.24479167 0.2952178
  0.23745265 0.25591856 0.24526515 0.20383523 0.27130682 0.49431818
  0.23461174 0.29214015 0.42779356 0.29000947 0.39867424 0.31392045
  0.27201705 0.37357955 0.30610795 0.38044508 0.31226326 0.34090909
  0.29000947 0.32457386 0.35298295 0.48319129 0.39464962 0.3375947
  0.         0.31297348]
 [0.34730114 0.23319129 0.4391572  0.29640152 0.31486742 0.45975379
  0.30326705 0.24408144 0.31534091 0.33475379 0.32694129 0.62689394
  0.28527462 0.36991004 0.45028409 0.23768939 0.37937973 0.3490767
  0.41548295 0.40127841 0.36955492 0.33380682 0.41927083 0.47916667
  0.30587121 0.49455492 0.46946023 0.57528409 0.47727273 0.42329545
  0.31297348 0.        ]]







alpha:
 [2, 3, 3, 1, 4, 3, 5, 2, 2, 3, 7, 14, 0, 1, 0, 3, 4, 3, 0, 1, 0, 0, 2, 2, 1, 1, 2, 9, 2, 5, 2, 7]
layout pos values: [[0.71428392 0.32098611 0.08049129 0.05516873]
 [0.77272268 0.52976912 0.08049129 0.05516873]
 [0.72575095 0.42842535 0.08049129 0.05516873]
 [0.72551209 0.65027386 0.08049129 0.05516873]
 [0.74313895 0.76797839 0.08049129 0.05516873]
 [0.62780012 0.7646854  0.08049129 0.05516873]
 [0.66020997 0.54474752 0.08049129 0.05516873]
 [0.62484916 0.33595138 0.08049129 0.05516873]
 [0.58248466 0.86614123 0.08049129 0.05516873]
 [0.57299065 0.93216999 0.08049129 0.05516873]
 [0.3366675  0.92881525 0.08049129 0.05516873]
 [0.33341717 0.86425099 0.08049129 0.05516873]
 [0.45585332 0.76841773 0.08049129 0.05516873]
 [0.56045351 0.66033871 0.08049129 0.05516873]
 [0.45575324 0.5528293  0.08049129 0.05516873]
 [0.56666415 0.44045349 0.08049129 0.05516873]
 [0.33661044 0.25765177 0.08049129 0.05516873]
 [0.35094175 0.19475125 0.08049129 0.05516873]
 [0.45282037 0.19380045 0.08049129 0.05516873]
 [0.55491866 0.19572463 0.08049129 0.05516873]
 [0.57011415 0.25702322 0.08049129 0.05516873]
 [0.45470994 0.33899614 0.08049129 0.05516873]
 [0.34999964 0.44067196 0.08049129 0.05516873]
 [0.3511443  0.66008485 0.08049129 0.05516873]
 [0.2900036  0.33606073 0.08049129 0.05516873]
 [0.2534137  0.54419291 0.08049129 0.05516873]
 [0.28704378 0.76139836 0.08049129 0.05516873]
 [0.1757549  0.76126284 0.08049129 0.05516873]
 [0.19022273 0.64787933 0.08049129 0.05516873]
 [0.19322327 0.42877818 0.08049129 0.05516873]
 [0.13543089 0.52851129 0.08049129 0.05516873]
 [0.19154841 0.32068327 0.08049129 0.05516873]]
binarized matrix POST-PRE: [[0, 0, 0, 0, 0, 0, 0, 0, 0, 0, 0, 1, 0, 0, 0, 0, 0, 0, 0, 0, 0, 0,
        0, 0, 0, 0, 0, 1, 0, 0, 0, 0],
       [0, 0, 0, 0, 0, 0, 0, 0, 0, 0, 0, 1, 0, 0, 0, 0, 0, 0, 0, 0, 0, 0,
        0, 0, 0, 0, 0, 1, 0, 1, 0, 0],
       [0, 0, 0, 0, 0, 0, 1, 0, 0, 1, 0, 0, 0, 0, 0, 0, 0, 0, 0, 0, 0, 0,
        0, 0, 0, 0, 0, 0, 0, 0, 0, 1],
       [0, 0, 0, 0, 0, 0, 0, 0, 0, 0, 0, 1, 0, 0, 0, 0, 0, 0, 0, 0, 0, 0,
        0, 0, 0, 0, 0, 0, 0, 0, 0, 0],
       [0, 0, 0, 0, 0, 1, 1, 0, 0, 0, 0, 0, 0, 0, 0, 0, 0, 0, 0, 1, 0, 0,
        0, 0, 0, 0, 0, 0, 0, 0, 0, 1],
       [0, 0, 0, 0, 1, 0, 0, 0, 0, 0, 0, 0, 0, 0, 0, 0, 1, 0, 0, 0, 0, 0,
        0, 0, 0, 0, 1, 0, 0, 0, 0, 0],
       [0, 0, 1, 0, 1, 0, 0, 0, 0, 0, 0, 1, 0, 0, 0, 0, 0, 0, 0, 0, 0, 0,
        0, 0, 0, 0, 0, 1, 0, 1, 0, 0],
       [0, 0, 0, 0, 0, 0, 0, 0, 0, 0, 0, 1, 0, 0, 0, 0, 0, 0, 0, 0, 0, 0,
        0, 0, 0, 0, 0, 1, 0, 0, 0, 0],
       [0, 0, 0, 0, 0, 0, 0, 0, 0, 0, 0, 1, 0, 0, 0, 0, 0, 0, 0, 0, 0, 0,
        0, 0, 0, 0, 0, 1, 0, 0, 0, 0],
       [0, 0, 1, 0, 0, 0, 0, 0, 0, 0, 1, 1, 0, 0, 0, 0, 0, 0, 0, 0, 0, 0,
        0, 0, 0, 0, 0, 0, 0, 0, 0, 0],
       [0, 0, 0, 0, 0, 0, 0, 0, 0, 1, 0, 0, 0, 0, 0, 1, 1, 1, 0, 0, 0, 0,
        1, 0, 0, 0, 1, 0, 0, 1, 0, 0],
       [1, 1, 0, 1, 0, 0, 1, 1, 1, 1, 0, 0, 0, 1, 0, 1, 0, 1, 0, 0, 0, 0,
        0, 1, 0, 0, 0, 0, 1, 0, 1, 1],
       [0, 0, 0, 0, 0, 0, 0, 0, 0, 0, 0, 0, 0, 0, 0, 0, 0, 0, 0, 0, 0, 0,
        0, 0, 0, 0, 0, 0, 0, 0, 0, 0],
       [0, 0, 0, 0, 0, 0, 0, 0, 0, 0, 0, 1, 0, 0, 0, 0, 0, 0, 0, 0, 0, 0,
        0, 0, 0, 0, 0, 0, 0, 0, 0, 0],
       [0, 0, 0, 0, 0, 0, 0, 0, 0, 0, 0, 0, 0, 0, 0, 0, 0, 0, 0, 0, 0, 0,
        0, 0, 0, 0, 0, 0, 0, 0, 0, 0],
       [0, 0, 0, 0, 0, 0, 0, 0, 0, 0, 1, 1, 0, 0, 0, 0, 0, 0, 0, 0, 0, 0,
        0, 0, 0, 0, 0, 0, 0, 1, 0, 0],
       [0, 0, 0, 0, 0, 1, 0, 0, 0, 0, 1, 0, 0, 0, 0, 0, 0, 0, 0, 0, 0, 0,
        1, 1, 0, 0, 0, 0, 0, 0, 0, 0],
       [0, 0, 0, 0, 0, 0, 0, 0, 0, 0, 1, 1, 0, 0, 0, 0, 0, 0, 0, 0, 0, 0,
        0, 0, 0, 0, 0, 1, 0, 0, 0, 0],
       [0, 0, 0, 0, 0, 0, 0, 0, 0, 0, 0, 0, 0, 0, 0, 0, 0, 0, 0, 0, 0, 0,
        0, 0, 0, 0, 0, 0, 0, 0, 0, 0],
       [0, 0, 0, 0, 1, 0, 0, 0, 0, 0, 0, 0, 0, 0, 0, 0, 0, 0, 0, 0, 0, 0,
        0, 0, 0, 0, 0, 0, 0, 0, 0, 0],
       [0, 0, 0, 0, 0, 0, 0, 0, 0, 0, 0, 0, 0, 0, 0, 0, 0, 0, 0, 0, 0, 0,
        0, 0, 0, 0, 0, 0, 0, 0, 0, 0],
       [0, 0, 0, 0, 0, 0, 0, 0, 0, 0, 0, 0, 0, 0, 0, 0, 0, 0, 0, 0, 0, 0,
        0, 0, 0, 0, 0, 0, 0, 0, 0, 0],
       [0, 0, 0, 0, 0, 0, 0, 0, 0, 0, 1, 0, 0, 0, 0, 0, 1, 0, 0, 0, 0, 0,
        0, 0, 0, 0, 0, 0, 0, 0, 0, 0],
       [0, 0, 0, 0, 0, 0, 0, 0, 0, 0, 0, 1, 0, 0, 0, 0, 1, 0, 0, 0, 0, 0,
        0, 0, 0, 0, 0, 0, 0, 0, 0, 0],
       [0, 0, 0, 0, 0, 0, 0, 0, 0, 0, 0, 0, 0, 0, 0, 0, 0, 0, 0, 0, 0, 0,
        0, 0, 0, 0, 0, 1, 0, 0, 0, 0],
       [0, 0, 0, 0, 0, 0, 0, 0, 0, 0, 0, 0, 0, 0, 0, 0, 0, 0, 0, 0, 0, 0,
        0, 0, 0, 0, 0, 0, 0, 0, 0, 1],
       [0, 0, 0, 0, 0, 1, 0, 0, 0, 0, 1, 0, 0, 0, 0, 0, 0, 0, 0, 0, 0, 0,
        0, 0, 0, 0, 0, 0, 0, 0, 0, 0],
       [1, 1, 0, 0, 0, 0, 1, 1, 1, 0, 0, 0, 0, 0, 0, 0, 0, 1, 0, 0, 0, 0,
        0, 0, 1, 0, 0, 0, 0, 0, 1, 1],
       [0, 0, 0, 0, 0, 0, 0, 0, 0, 0, 0, 1, 0, 0, 0, 0, 0, 0, 0, 0, 0, 0,
        0, 0, 0, 0, 0, 0, 0, 0, 0, 1],
       [0, 1, 0, 0, 0, 0, 1, 0, 0, 0, 1, 0, 0, 0, 0, 1, 0, 0, 0, 0, 0, 0,
        0, 0, 0, 0, 0, 0, 0, 0, 0, 1],
       [0, 0, 0, 0, 0, 0, 0, 0, 0, 0, 0, 1, 0, 0, 0, 0, 0, 0, 0, 0, 0, 0,
        0, 0, 0, 0, 0, 1, 0, 0, 0, 0],
       [0, 0, 1, 0, 1, 0, 0, 0, 0, 0, 0, 1, 0, 0, 0, 0, 0, 0, 0, 0, 0, 0,
        0, 0, 0, 1, 0, 1, 1, 1, 0, 0]]
GROUP1 FC matrix: [[0.         0.3219697  0.56666667 0.2905303  0.32064394 0.46799242
  0.30681818 0.45435606 0.30852273 0.29602273 0.34356061 0.40151515
  0.39450758 0.30265152 0.40473485 0.35037879 0.35984848 0.34469697
  0.36420455 0.47329545 0.47613636 0.39166667 0.27878788 0.37443182
  0.35568182 0.37897727 0.50284091 0.35795455 0.33712121 0.43920455
  0.24829545 0.27613636]
 [0.3219697  0.         0.36723485 0.26231061 0.39715909 0.38882576
  0.19024621 0.31363636 0.21060606 0.21268939 0.31761364 0.26723485
  0.21041667 0.23996212 0.39431818 0.26818182 0.3282197  0.29034091
  0.24621212 0.31799242 0.31515152 0.32897727 0.30549242 0.28712121
  0.34943182 0.275      0.39242424 0.35340909 0.28522727 0.41401515
  0.29299242 0.25397727]
 [0.56666667 0.36723485 0.         0.45416667 0.46003788 0.47026515
  0.36628788 0.51098485 0.43295455 0.40340909 0.38390152 0.53068182
  0.51060606 0.48712121 0.50719697 0.50681818 0.51117424 0.44753788
  0.47992424 0.52708333 0.63143939 0.51628788 0.56231061 0.50113636
  0.47708333 0.55359848 0.51079545 0.43825758 0.51231061 0.48162879
  0.4467803  0.41496212]
 [0.2905303  0.26231061 0.45416667 0.         0.4405303  0.45530303
  0.30284091 0.2657197  0.1967803  0.24962121 0.31742424 0.35416667
  0.29602273 0.27916667 0.47840909 0.22329545 0.29469697 0.32253788
  0.32992424 0.37045455 0.37121212 0.28409091 0.30473485 0.36363636
  0.26212121 0.39166667 0.50075758 0.36950758 0.30795455 0.37310606
  0.27784091 0.18087121]
 [0.32064394 0.39715909 0.46003788 0.4405303  0.         0.39450758
  0.41647727 0.4157197  0.41723485 0.34640152 0.33958333 0.40208333
  0.48920455 0.40132576 0.51477273 0.46060606 0.33125    0.42537879
  0.425      0.37670455 0.45397727 0.39734848 0.36458333 0.44090909
  0.40246212 0.47348485 0.37215909 0.36988636 0.37670455 0.34943182
  0.33825758 0.37462121]
 [0.46799242 0.38882576 0.47026515 0.45530303 0.39450758 0.
  0.49602273 0.43465909 0.48238636 0.44412879 0.31098485 0.43844697
  0.45871212 0.4625     0.58106061 0.51041667 0.39185606 0.5
  0.48958333 0.46704545 0.51193182 0.42651515 0.57575758 0.47367424
  0.51306818 0.5282197  0.33219697 0.33636364 0.44299242 0.48219697
  0.38484848 0.46022727]
 [0.30681818 0.19024621 0.36628788 0.30284091 0.41647727 0.49602273
  0.         0.275      0.24905303 0.24772727 0.35643939 0.30208333
  0.28503788 0.34166667 0.47064394 0.3157197  0.29393939 0.22708333
  0.19469697 0.31382576 0.30018939 0.30530303 0.35719697 0.2655303
  0.2875     0.25113636 0.40909091 0.31628788 0.23712121 0.3092803
  0.23579545 0.18087121]
 [0.45435606 0.31363636 0.51098485 0.2657197  0.4157197  0.43465909
  0.275      0.         0.23191288 0.21041667 0.35984848 0.35037879
  0.30056818 0.29848485 0.45965909 0.41098485 0.35265152 0.35795455
  0.33977273 0.48087121 0.43806818 0.37916667 0.34166667 0.33977273
  0.25416667 0.35511364 0.4655303  0.39412879 0.32102273 0.48333333
  0.28238636 0.32007576]
 [0.30852273 0.21060606 0.43295455 0.1967803  0.41723485 0.48238636
  0.24905303 0.23191288 0.         0.28901515 0.29166667 0.29905303
  0.30397727 0.27452652 0.48276515 0.25700758 0.32878788 0.33882576
  0.3155303  0.37282197 0.40795455 0.31685606 0.40852273 0.39488636
  0.32746212 0.44526515 0.49204545 0.35814394 0.33181818 0.47916667
  0.3        0.26155303]
 [0.29602273 0.21268939 0.40340909 0.24962121 0.34640152 0.44412879
  0.24772727 0.21041667 0.28901515 0.         0.33295455 0.34924242
  0.20132576 0.2625     0.36893939 0.28920455 0.2907197  0.27594697
  0.25492424 0.28096591 0.33806818 0.27026515 0.28731061 0.35113636
  0.28503788 0.26780303 0.46950758 0.35681818 0.31022727 0.45833333
  0.20909091 0.28939394]
 [0.34356061 0.31761364 0.38390152 0.31742424 0.33958333 0.31098485
  0.35643939 0.35984848 0.29166667 0.33295455 0.         0.31117424
  0.35227273 0.30151515 0.39867424 0.38143939 0.36628788 0.37291667
  0.36515152 0.41969697 0.40227273 0.40473485 0.38920455 0.40075758
  0.36401515 0.4407197  0.36287879 0.23939394 0.35890152 0.39450758
  0.33712121 0.34924242]
 [0.40151515 0.26723485 0.53068182 0.35416667 0.40208333 0.43844697
  0.30208333 0.35037879 0.29905303 0.34924242 0.31117424 0.
  0.42727273 0.34791667 0.53276515 0.39659091 0.43465909 0.42727273
  0.44583333 0.50075758 0.51079545 0.43484848 0.45700758 0.40511364
  0.43465909 0.48484848 0.46799242 0.35511364 0.32916667 0.50795455
  0.3875     0.33806818]
 [0.39450758 0.21041667 0.51060606 0.29602273 0.48920455 0.45871212
  0.28503788 0.30056818 0.30397727 0.20132576 0.35227273 0.42727273
  0.         0.3092803  0.47632576 0.34346591 0.38977273 0.40454545
  0.29090909 0.34498106 0.3905303  0.34905303 0.45530303 0.41581439
  0.42973485 0.37121212 0.55606061 0.38541667 0.38636364 0.52708333
  0.27746212 0.38030303]
 [0.30265152 0.23996212 0.48712121 0.27916667 0.40132576 0.4625
  0.34166667 0.29848485 0.27452652 0.2625     0.30151515 0.34791667
  0.3092803  0.         0.50492424 0.3749053  0.35123106 0.35359848
  0.29431818 0.41818182 0.39753788 0.36231061 0.40984848 0.3717803
  0.4188447  0.39867424 0.49640152 0.3467803  0.30056818 0.47651515
  0.30113636 0.33238636]
 [0.40473485 0.39431818 0.50719697 0.47840909 0.51477273 0.58106061
  0.47064394 0.45965909 0.48276515 0.36893939 0.39867424 0.53276515
  0.47632576 0.50492424 0.         0.42897727 0.5625     0.5842803
  0.4967803  0.49223485 0.58768939 0.53503788 0.5719697  0.6342803
  0.56912879 0.56363636 0.5842803  0.43920455 0.53617424 0.59431818
  0.39431818 0.45549242]
 [0.35037879 0.26818182 0.50681818 0.22329545 0.46060606 0.51041667
  0.3157197  0.41098485 0.25700758 0.28920455 0.38143939 0.39659091
  0.34346591 0.3749053  0.42897727 0.         0.41893939 0.3999053
  0.34034091 0.41941288 0.42670455 0.46164773 0.48125    0.40501894
  0.41581439 0.42992424 0.53295455 0.33219697 0.35965909 0.41761364
  0.33655303 0.25776515]
 [0.35984848 0.3282197  0.51117424 0.29469697 0.33125    0.39185606
  0.29393939 0.35265152 0.32878788 0.2907197  0.36628788 0.43465909
  0.38977273 0.35123106 0.5625     0.41893939 0.         0.39630682
  0.4344697  0.459375   0.43617424 0.36382576 0.36714015 0.42045455
